Maze ID: 9
example-data Tue Nov  4 23:12:19 2025
Path succeeded? [1]
optimal path length:      57
number of moves:          61
Participant path length:  57
Planning Time:            3461
Time to first move:       4113
Solving Time:             14307
Total time:               18420
[1, 2, 17, 18, 33, 34, 35, 20, 5, 6, 21, 22, 37, 52, 67, 68, 53, 54, 55, 40, 25, 26, 41, 42, 57, 58, 73, 74, 89, 104, 103, 102, 101, 100, 115, 130, 145, 144, 129, 128, 143, 158, 159, 174, 175, 176, 191, 192, 177, 178, 163, 164, 179, 194, 209, 210, 225]
-------------------------------------------





Maze ID: 1
example-data Tue Nov  4 23:12:34 2025
Path succeeded? [1]
optimal path length:      49
number of moves:          50
Participant path length:  49
Planning Time:            1479
Time to first move:       1916
Solving Time:             12382
Total time:               14298
[1, 16, 31, 32, 33, 34, 35, 36, 37, 52, 53, 68, 83, 82, 97, 96, 81, 80, 79, 94, 109, 108, 123, 122, 137, 152, 167, 168, 183, 198, 213, 214, 215, 200, 201, 202, 187, 188, 189, 190, 191, 176, 177, 178, 193, 194, 209, 224, 225]
-------------------------------------------





Maze ID: 10
example-data Tue Nov  4 23:13:01 2025
Path succeeded? [1]
optimal path length:      47
number of moves:          71
Participant path length:  69
Planning Time:            4222
Time to first move:       4497
Solving Time:             21163
Total time:               25660
[1, 2, 3, 18, 19, 34, 49, 64, 63, 78, 93, 108, 109, 124, 125, 126, 111, 112, 127, 128, 113, 98, 99, 114, 129, 144, 145, 160, 159, 174, 173, 158, 157, 156, 157, 158, 173, 174, 159, 160, 145, 144, 129, 114, 99, 84, 69, 70, 71, 72, 87, 102, 117, 116, 131, 132, 147, 162, 177, 178, 193, 208, 207, 206, 221, 222, 223, 224, 225]
-------------------------------------------





Maze ID: 13
example-data Tue Nov  4 23:13:25 2025
Path succeeded? [1]
optimal path length:      55
number of moves:          60
Participant path length:  55
Planning Time:            9752
Time to first move:       10063
Solving Time:             12943
Total time:               23006
[1, 16, 31, 46, 47, 48, 49, 64, 65, 50, 51, 52, 53, 38, 39, 54, 69, 84, 99, 114, 113, 128, 127, 112, 111, 126, 141, 156, 155, 170, 185, 186, 171, 172, 173, 174, 159, 160, 161, 146, 131, 130, 115, 116, 117, 118, 119, 134, 149, 150, 165, 180, 195, 210, 225]
-------------------------------------------





Maze ID: 19
example-data Tue Nov  4 23:13:54 2025
Path succeeded? [1]
optimal path length:      45
number of moves:          87
Participant path length:  77
Planning Time:            2347
Time to first move:       2857
Solving Time:             25749
Total time:               28606
[1, 2, 3, 18, 33, 48, 47, 62, 77, 92, 93, 108, 109, 94, 109, 108, 93, 92, 107, 106, 121, 136, 151, 166, 167, 152, 153, 168, 153, 152, 137, 152, 167, 166, 151, 136, 121, 106, 107, 92, 93, 108, 109, 94, 95, 96, 81, 82, 97, 98, 113, 112, 127, 142, 141, 156, 171, 186, 201, 202, 203, 188, 189, 190, 205, 206, 221, 222, 207, 192, 193, 208, 209, 224, 209, 210, 225]
-------------------------------------------





