PEBL Simon Test: Summary data
PEBL Version 2.2
Thu Nov 27 21:01:20 2025


Response times (by compatibility):
condition  N   median  mean    sd
---------------------------------
-1 24 382 455.333 181.053
0 8 395.5 523.875 302.224
1 24 407.5 429.042 103.884


Response times (by position/Condition):
condition  N   median  mean    sd
---------------------------------
1|-200 4 557.5 535 159.256
1|-100 4 408.5 398.75 54.0619
1|-50 4 373.5 375.75 31.4514
1|0 4 431 612.25 387.301
1|50 4 539.5 640.5 312.321
1|100 4 385.5 381.25 37.2114
1|200 4 379.5 402.75 96.0192
2|-200 4 501 529.75 145.495
2|-100 4 378 369.75 16.0838
2|-50 4 365.5 408 97.2754
2|0 4 380.5 435.5 130.6
2|50 4 439 446.75 77.9563
2|100 4 452.5 441.25 96.1727
2|200 4 389.5 376.75 44.3699


Accuracy (By compatibility):
condition  N   median  mean    sd
---------------------------------
-1 24 1 0.625 0.484123
0 8 1 1 0
1 24 1 0.916667 0.276385


Accuracy (By position/condition):
condition  N   median  mean    sd
---------------------------------
1|-200 4 1 0.75 0.433013
1|-100 4 1 1 0
1|-50 4 1 1 0
1|0 4 1 1 0
1|50 4 1 1 0
1|100 4 0.5 0.5 0.5
1|200 4 0.5 0.5 0.5
2|-200 4 0.5 0.5 0.5
2|-100 4 0.5 0.5 0.5
2|-50 4 1 0.75 0.433013
2|0 4 1 1 0
2|50 4 1 1 0
2|100 4 1 0.75 0.433013
2|200 4 1 1 0
