Maze ID: 13
1616 Wed Nov  5 10:51:44 2025
Path succeeded? [1]
optimal path length:      55
number of moves:          60
Participant path length:  55
Planning Time:            1674
Time to first move:       2414
Solving Time:             10990
Total time:               13404
[1, 16, 31, 46, 47, 48, 49, 64, 65, 50, 51, 52, 53, 38, 39, 54, 69, 84, 99, 114, 113, 128, 127, 112, 111, 126, 141, 156, 155, 170, 185, 186, 171, 172, 173, 174, 159, 160, 161, 146, 131, 130, 115, 116, 117, 118, 119, 134, 149, 150, 165, 180, 195, 210, 225]
-------------------------------------------





Maze ID: 1
1616 Wed Nov  5 11:18:15 2025
Path succeeded? [1]
optimal path length:      49
number of moves:          79
Participant path length:  67
Planning Time:            702
Time to first move:       1109
Solving Time:             14160
Total time:               15269
[1, 16, 31, 32, 33, 34, 35, 36, 37, 52, 53, 68, 83, 68, 69, 70, 85, 70, 71, 86, 87, 102, 87, 86, 71, 70, 55, 70, 69, 68, 83, 82, 97, 96, 81, 80, 79, 94, 109, 108, 123, 122, 137, 152, 167, 168, 183, 198, 213, 214, 215, 200, 201, 202, 187, 188, 189, 190, 191, 176, 177, 178, 193, 194, 209, 224, 225]
-------------------------------------------





