"subnum" "trial" "step" "startx" "starty" "xtrans" "ytrans" "label" "targx" "targy" "dist" "timeout" "hit" "rt"
111 0 1 958 983 1 1 "normal" 1069 819 198.033 2000 1 1943
111 0 2 1060 828 1 1 "normal" 1211 554 312.853 2000 1 421
111 0 3 1213 537 1 1 "normal" 912 531 301.06 2000 1 622
111 0 4 877 517 1 1 "normal" 631 424 262.992 2000 1 581
111 0 5 639 418 1 1 "normal" 712 713 303.898 2000 1 491
111 0 6 714 696 1 1 "normal" 1010 740 299.252 2000 1 901
111 0 7 1016 731 1 1 "normal" 1128 464 289.539 2000 1 511
111 0 8 1121 471 1 1 "normal" 1227 747 295.655 2000 1 531
111 0 9 1234 753 1 1 "normal" 929 778 306.023 2000 1 631
111 0 10 922 794 1 1 "normal" 1008 488 317.855 2000 1 801
111 0 11 1000 483 1 1 "normal" 1184 246 300.042 2000 1 591
111 0 12 1188 251 1 1 "normal" 1007 488 298.211 2000 1 591
111 0 13 1016 501 1 1 "normal" 708 500 308.002 2000 1 901
111 0 14 696 501 1 1 "normal" 994 588 310.44 2000 1 631
111 0 15 985 575 1 1 "normal" 696 554 289.762 2000 1 591
111 0 16 714 549 1 1 "normal" 818 280 288.404 2000 1 501
111 0 17 820 288 1 1 "normal" 1117 298 297.168 2000 1 631
111 0 18 1106 299 1 1 "normal" 1063 594 298.117 2000 1 581
111 0 19 1058 601 1 1 "normal" 1334 723 301.761 2000 1 961
111 0 20 1339 739 1 1 "normal" 1103 531 314.579 2000 1 581
111 0 21 1094 538 1 1 "normal" 895 747 288.586 2000 1 641
111 0 22 885 742 1 1 "normal" 1184 666 308.508 2000 1 471
111 0 23 1169 655 1 1 "normal" 972 453 282.158 2000 1 581
111 0 24 972 452 1 1 "normal" 690 352 299.206 2000 1 561
111 0 25 707 358 1 1 "normal" 739 648 291.76 2000 1 751
111 0 26 750 642 1 1 "normal" 621 372 299.234 2000 1 521
111 0 27 620 386 1 1 "normal" 862 552 293.462 2000 1 581
111 0 28 863 562 1 1 "normal" 1140 663 294.839 2000 1 351
111 0 29 1149 652 1 1 "normal" 1159 364 288.174 2000 1 631
111 0 30 1155 379 1 1 "normal" 943 572 286.693 2000 1 442
111 1 1 943 995 1 -1 "MODIFIED1" 927 838 157.813 2000 0 2004
111 1 2 939 268 1 -1 "MODIFIED1" 1192 696 497.185 2000 1 1491
111 1 3 1176 390 1 -1 "MODIFIED1" 928 554 297.321 2000 1 1181
111 1 4 933 510 1 -1 "MODIFIED1" 658 423 288.434 2000 1 842
111 1 5 661 646 1 -1 "MODIFIED1" 935 308 435.109 2000 1 1282
111 1 6 942 782 1 -1 "MODIFIED1" 918 607 176.638 2000 1 1071
111 1 7 926 486 1 -1 "MODIFIED1" 618 603 329.474 2000 1 721
111 1 8 627 465 1 -1 "MODIFIED1" 786 354 193.912 2000 1 1432
111 1 9 769 721 1 -1 "MODIFIED1" 620 604 189.447 2000 1 1113
111 1 10 607 483 1 -1 "MODIFIED1" 845 802 398.001 2000 1 1272
111 1 11 841 296 1 -1 "MODIFIED1" 575 673 461.395 2000 1 991
111 1 12 557 402 1 -1 "MODIFIED1" 796 470 248.485 2000 1 931
111 1 13 786 601 1 -1 "MODIFIED1" 1079 371 372.49 2000 1 951
111 1 14 1071 712 1 -1 "MODIFIED1" 1307 566 277.51 2000 1 1061
111 1 15 1304 513 1 -1 "MODIFIED1" 1026 462 282.639 2000 1 801
111 1 16 1037 613 1 -1 "MODIFIED1" 793 272 419.305 2000 1 1101
111 1 17 801 791 1 -1 "MODIFIED1" 608 508 342.546 2000 1 1061
111 1 18 607 589 1 -1 "MODIFIED1" 841 698 258.141 2000 1 1091
111 1 19 852 373 1 -1 "MODIFIED1" 819 398 41.4005 2000 1 902
111 1 20 813 668 1 -1 "MODIFIED1" 1118 423 391.216 2000 1 821
111 1 21 1117 646 1 -1 "MODIFIED1" 1000 699 128.445 2000 1 991
111 1 22 1006 394 1 -1 "MODIFIED1" 1298 730 445.152 2000 1 912
111 1 23 1286 364 1 -1 "MODIFIED1" 1307 430 69.2604 2000 1 1311
111 1 24 1309 659 1 -1 "MODIFIED1" 1095 642 214.674 2000 1 741
111 1 25 1091 456 1 -1 "MODIFIED1" 796 665 361.533 2000 1 831
111 1 26 807 417 1 -1 "MODIFIED1" 583 453 226.874 2000 1 1113
111 1 27 576 615 1 -1 "MODIFIED1" 677 738 159.154 2000 1 652
111 1 28 691 346 1 -1 "MODIFIED1" 890 528 269.676 2000 1 661
111 1 29 893 552 1 -1 "MODIFIED1" 949 822 275.746 2000 1 1121
111 1 30 955 267 1 -1 "MODIFIED1" 1203 661 465.553 2000 1 662
111 2 1 991 993 1 -1 "MODIFIED2" 894 832 187.963 2000 1 1085
111 2 2 875 222 1 -1 "MODIFIED2" 937 535 319.081 2000 1 753
111 2 3 955 541 1 -1 "MODIFIED2" 697 715 311.191 2000 1 891
111 2 4 711 353 1 -1 "MODIFIED2" 986 635 393.89 2000 1 1262
111 2 5 972 434 1 -1 "MODIFIED2" 686 624 343.36 2000 1 581
111 2 6 688 438 1 -1 "MODIFIED2" 959 748 411.754 2000 1 1292
111 2 7 948 317 1 -1 "MODIFIED2" 1241 643 438.321 2000 1 803
111 2 8 1249 428 1 -1 "MODIFIED2" 1104 376 154.042 2000 1 921
111 2 9 1110 685 1 -1 "MODIFIED2" 1133 675 25.0799 2000 1 831
111 2 10 1151 406 1 -1 "MODIFIED2" 1109 376 51.614 2000 1 911
111 2 11 1103 707 1 -1 "MODIFIED2" 1032 666 81.9878 2000 1 801
111 2 12 1026 427 1 -1 "MODIFIED2" 834 440 192.44 2000 1 781
111 2 13 834 627 1 -1 "MODIFIED2" 583 275 432.325 2000 1 1611
111 2 14 594 797 1 -1 "MODIFIED2" 828 449 419.357 2000 1 1241
111 2 15 817 646 1 -1 "MODIFIED2" 980 708 174.393 2000 1 1221
111 2 16 982 387 1 -1 "MODIFIED2" 945 410 43.566 2000 1 931
111 2 17 947 654 1 -1 "MODIFIED2" 653 342 428.696 2000 1 1151
111 2 18 635 738 1 -1 "MODIFIED2" 937 439 424.976 2000 1 861
111 2 19 951 635 1 -1 "MODIFIED2" 1230 506 307.379 2000 1 781
111 2 20 1216 561 1 -1 "MODIFIED2" 965 364 319.077 2000 1 1051
111 2 21 974 706 1 -1 "MODIFIED2" 979 664 42.2966 2000 1 771
111 2 22 980 429 1 -1 "MODIFIED2" 1274 607 343.686 2000 1 1001
111 2 23 1262 487 1 -1 "MODIFIED2" 1033 428 236.478 2000 1 983
111 2 24 1034 665 1 -1 "MODIFIED2" 766 564 286.4 2000 1 1093
111 2 25 769 534 1 -1 "MODIFIED2" 742 265 270.352 2000 1 1191
111 2 26 752 808 1 -1 "MODIFIED2" 561 504 359.022 2000 1 821
111 2 27 565 558 1 -1 "MODIFIED2" 815 345 328.434 2000 1 961
111 2 28 823 752 1 -1 "MODIFIED2" 986 591 229.107 2000 1 1321
111 2 29 990 506 1 -1 "MODIFIED2" 1200 801 362.112 2000 1 1211
111 2 30 1202 297 1 -1 "MODIFIED2" 1153 505 213.694 2000 1 572
111 3 1 988 969 1 -1 "MODIFIED3" 1136 782 238.481 2000 1 1934
111 3 2 1134 322 1 -1 "MODIFIED3" 959 540 279.551 2000 1 651
111 3 3 958 529 1 -1 "MODIFIED3" 1258 545 300.426 2000 1 801
111 3 4 1250 522 1 -1 "MODIFIED3" 1322 252 279.435 2000 1 1263
111 3 5 1303 830 1 -1 "MODIFIED3" 1348 551 282.606 2000 1 1011
111 3 6 1358 542 1 -1 "MODIFIED3" 1126 350 301.144 2000 1 1071
111 3 7 1132 717 1 -1 "MODIFIED3" 1212 637 113.137 2000 1 881
111 3 8 1224 458 1 -1 "MODIFIED3" 951 783 424.446 2000 1 591
111 3 9 942 282 1 -1 "MODIFIED3" 1248 825 623.286 2000 1 1101
111 3 10 1244 238 1 -1 "MODIFIED3" 1204 528 292.746 2000 1 911
111 3 11 1211 551 1 -1 "MODIFIED3" 936 663 296.933 2000 1 751
111 3 12 923 432 1 -1 "MODIFIED3" 1210 540 306.648 2000 1 533
111 3 13 1200 553 1 -1 "MODIFIED3" 1031 781 283.805 2000 1 951
111 3 14 1029 316 1 -1 "MODIFIED3" 739 709 488.415 2000 1 951
111 3 15 754 381 1 -1 "MODIFIED3" 1014 588 332.339 2000 1 1060
111 3 16 1028 503 1 -1 "MODIFIED3" 1228 377 236.381 2000 1 1212
111 3 17 1243 694 1 -1 "MODIFIED3" 928 369 452.604 2000 1 1001
111 3 18 930 695 1 -1 "MODIFIED3" 890 666 49.4065 2000 1 663
111 3 19 888 427 1 -1 "MODIFIED3" 1188 702 406.971 2000 1 1221
111 3 20 1201 363 1 -1 "MODIFIED3" 903 797 526.46 2000 1 1241
111 3 21 895 300 1 -1 "MODIFIED3" 1188 701 496.639 2000 1 661
111 3 22 1191 392 1 -1 "MODIFIED3" 1263 411 74.4648 2000 1 951
111 3 23 1259 661 1 -1 "MODIFIED3" 981 514 314.473 2000 1 1222
111 3 24 967 557 1 -1 "MODIFIED3" 1266 419 329.31 2000 1 771
111 3 25 1276 645 1 -1 "MODIFIED3" 981 325 435.23 2000 1 1291
111 3 26 978 738 1 -1 "MODIFIED3" 681 336 499.813 2000 1 961
111 3 27 681 758 1 -1 "MODIFIED3" 876 565 274.361 2000 1 911
111 3 28 886 504 1 -1 "MODIFIED3" 1086 779 340.037 2000 1 1011
111 3 29 1077 312 1 -1 "MODIFIED3" 786 780 551.094 2000 1 1221
111 3 30 783 282 1 -1 "MODIFIED3" 1079 716 525.33 2000 1 951
111 4 1 966 982 1 -1 "MODIFIED4" 789 293 711.372 2000 1 816
111 4 2 813 791 1 -1 "MODIFIED4" 595 521 347.022 2000 1 1164
111 4 3 582 552 1 -1 "MODIFIED4" 791 294 332.032 2000 1 702
111 4 4 781 769 1 -1 "MODIFIED4" 876 582 209.747 2000 1 941
111 4 5 869 515 1 -1 "MODIFIED4" 780 297 235.468 2000 1 992
111 4 6 763 782 1 -1 "MODIFIED4" 1077 255 613.453 2000 1 1041
111 4 7 1089 816 1 -1 "MODIFIED4" 951 527 320.258 2000 1 784
111 4 8 955 570 1 -1 "MODIFIED4" 782 774 267.479 2000 1 933
111 4 9 783 320 1 -1 "MODIFIED4" 634 513 243.824 2000 1 702
111 4 10 616 561 1 -1 "MODIFIED4" 575 808 250.38 2000 1 861
111 4 11 590 278 1 -1 "MODIFIED4" 705 537 283.383 2000 1 834
111 4 12 689 550 1 -1 "MODIFIED4" 740 835 289.527 2000 1 771
111 4 13 740 260 1 -1 "MODIFIED4" 996 679 491.016 2000 1 651
111 4 14 983 420 1 -1 "MODIFIED4" 716 569 305.761 2000 1 881
111 4 15 717 495 1 -1 "MODIFIED4" 907 338 246.473 2000 1 791
111 4 16 897 734 1 -1 "MODIFIED4" 610 296 523.654 2000 1 771
111 4 17 614 769 1 -1 "MODIFIED4" 645 594 177.725 2000 1 461
111 4 18 652 479 1 -1 "MODIFIED4" 887 417 243.041 2000 1 1061
111 4 19 892 645 1 -1 "MODIFIED4" 857 716 79.1581 2000 1 1071
111 4 20 858 350 1 -1 "MODIFIED4" 563 776 518.171 2000 1 802
111 4 21 572 319 1 -1 "MODIFIED4" 829 636 408.091 2000 1 981
111 4 22 843 452 1 -1 "MODIFIED4" 982 378 157.471 2000 1 1031
111 4 23 980 687 1 -1 "MODIFIED4" 746 562 265.294 2000 1 791
111 4 24 739 534 1 -1 "MODIFIED4" 1045 553 306.589 2000 1 931
111 4 25 1053 542 1 -1 "MODIFIED4" 1070 254 288.501 2000 1 641
111 4 26 1061 814 1 -1 "MODIFIED4" 1231 507 350.926 2000 1 721
111 4 27 1242 589 1 -1 "MODIFIED4" 1023 291 369.818 2000 1 1401
111 4 28 1025 774 1 -1 "MODIFIED4" 1002 590 185.432 2000 1 831
111 4 29 987 500 1 -1 "MODIFIED4" 705 552 286.754 2000 1 851
111 4 30 707 528 1 -1 "MODIFIED4" 980 433 289.057 2000 1 821
111 5 1 987 969 1 -1 "MODIFIED5" 1070 818 172.308 2000 1 2004
111 5 2 1065 272 1 -1 "MODIFIED5" 770 813 616.203 2000 1 811
111 5 3 771 286 1 -1 "MODIFIED5" 1019 645 436.331 2000 1 1361
111 5 4 1010 421 1 -1 "MODIFIED5" 742 762 433.711 2000 1 531
111 5 5 736 313 1 -1 "MODIFIED5" 795 467 164.915 2000 1 1201
111 5 6 798 597 1 -1 "MODIFIED5" 906 745 183.216 2000 1 1341
111 5 7 913 349 1 -1 "MODIFIED5" 934 446 99.2472 2000 1 1261
111 5 8 930 619 1 -1 "MODIFIED5" 634 438 346.954 2000 1 601
111 5 9 652 643 1 -1 "MODIFIED5" 934 452 340.595 2000 1 421
111 5 10 941 611 1 -1 "MODIFIED5" 634 442 350.443 2000 1 1661
111 5 11 640 656 1 -1 "MODIFIED5" 874 262 458.249 2000 1 1121
111 5 12 886 808 1 -1 "MODIFIED5" 589 355 541.681 2000 1 651
111 5 13 575 707 1 -1 "MODIFIED5" 710 630 155.416 2000 1 881
111 5 14 693 440 1 -1 "MODIFIED5" 1009 650 379.415 2000 1 1001
111 5 15 1008 449 1 -1 "MODIFIED5" 743 513 272.619 2000 1 1041
111 5 16 750 580 1 -1 "MODIFIED5" 992 679 261.467 2000 1 593
111 5 17 1005 403 1 -1 "MODIFIED5" 1202 465 206.526 2000 1 811
111 5 18 1186 610 1 -1 "MODIFIED5" 981 262 403.892 2000 1 951
111 5 19 990 807 1 -1 "MODIFIED5" 1062 551 265.932 2000 1 1351
111 5 20 1062 547 1 -1 "MODIFIED5" 1353 624 301.015 2000 1 961
111 5 21 1351 474 1 -1 "MODIFIED5" 1141 411 219.246 2000 1 1191
111 5 22 1152 676 1 -1 "MODIFIED5" 931 625 226.808 2000 1 881
111 5 23 945 461 1 -1 "MODIFIED5" 1231 609 322.025 2000 1 741
111 5 24 1214 464 1 -1 "MODIFIED5" 1212 310 154.013 2000 1 653
111 5 25 1217 753 1 -1 "MODIFIED5" 1103 589 199.73 2000 0 2001
111 5 26 1121 410 1 -1 "MODIFIED5" 807 638 388.046 2000 1 1641
111 5 27 800 424 1 -1 "MODIFIED5" 1075 772 443.541 2000 1 803
111 5 28 1063 322 1 -1 "MODIFIED5" 1054 473 151.268 2000 1 941
111 5 29 1049 590 1 -1 "MODIFIED5" 763 399 343.914 2000 1 1491
111 5 30 774 667 1 -1 "MODIFIED5" 1012 567 258.155 2000 1 1421
111 6 1 965 981 1 -1 "MODIFIED6" 1007 836 150.96 2000 1 1504
111 6 2 1004 261 1 -1 "MODIFIED6" 714 772 587.555 2000 1 1201
111 6 3 704 325 1 -1 "MODIFIED6" 1013 787 555.81 2000 1 391
111 6 4 1024 307 1 -1 "MODIFIED6" 1313 782 556.009 2000 1 821
111 6 5 1312 315 1 -1 "MODIFIED6" 1098 574 335.972 2000 1 1112
111 6 6 1112 508 1 -1 "MODIFIED6" 965 305 250.635 2000 1 1131
111 6 7 979 765 1 -1 "MODIFIED6" 1013 601 167.487 2000 1 751
111 6 8 1026 493 1 -1 "MODIFIED6" 1292 492 266.002 2000 1 901
111 6 9 1275 590 1 -1 "MODIFIED6" 1202 778 201.675 2000 1 1113
111 6 10 1207 319 1 -1 "MODIFIED6" 905 822 586.697 2000 1 1051
111 6 11 912 275 1 -1 "MODIFIED6" 639 683 490.91 2000 1 591
111 6 12 655 391 1 -1 "MODIFIED6" 868 489 234.463 2000 1 882
111 6 13 870 573 1 -1 "MODIFIED6" 1164 441 322.273 2000 1 751
111 6 14 1165 625 1 -1 "MODIFIED6" 1300 709 159 2000 1 561
111 6 15 1283 376 1 -1 "MODIFIED6" 1233 416 64.0312 2000 1 831
111 6 16 1247 650 1 -1 "MODIFIED6" 1080 674 168.716 2000 1 851
111 6 17 1093 417 1 -1 "MODIFIED6" 1131 378 54.4518 2000 1 502
111 6 18 1138 700 1 -1 "MODIFIED6" 887 553 290.878 2000 1 752
111 6 19 887 544 1 -1 "MODIFIED6" 602 646 302.703 2000 1 761
111 6 20 600 452 1 -1 "MODIFIED6" 596 346 106.075 2000 1 1071
111 6 21 614 734 1 -1 "MODIFIED6" 838 523 307.729 2000 1 684
111 6 22 823 558 1 -1 "MODIFIED6" 626 734 264.169 2000 1 1032
111 6 23 634 362 1 -1 "MODIFIED6" 914 651 402.394 2000 1 712
111 6 24 901 419 1 -1 "MODIFIED6" 845 359 82.0731 2000 1 1051
111 6 25 847 706 1 -1 "MODIFIED6" 730 636 136.341 2000 1 1254
111 6 26 715 441 1 -1 "MODIFIED6" 1009 746 423.628 2000 1 1102
111 6 27 1012 349 1 -1 "MODIFIED6" 1114 465 154.467 2000 1 1201
111 6 28 1118 598 1 -1 "MODIFIED6" 1325 677 221.563 2000 1 1122
111 6 29 1329 422 1 -1 "MODIFIED6" 1113 465 220.239 2000 1 901
111 6 30 1097 624 1 -1 "MODIFIED6" 1246 735 185.801 2000 1 1342
111 7 1 973 990 1 -1 "MODIFIED7" 1191 349 677.056 2000 1 914
111 7 2 1189 748 1 -1 "MODIFIED7" 1279 635 144.461 2000 1 841
111 7 3 1280 437 1 -1 "MODIFIED7" 997 534 299.162 2000 1 1011
111 7 4 1003 533 1 -1 "MODIFIED7" 1262 393 294.416 2000 1 1361
111 7 5 1264 669 1 -1 "MODIFIED7" 1027 580 253.16 2000 1 1111
111 7 6 1026 505 1 -1 "MODIFIED7" 930 296 229.993 2000 1 621
111 7 7 932 772 1 -1 "MODIFIED7" 986 591 188.884 2000 1 811
111 7 8 977 498 1 -1 "MODIFIED7" 1009 292 208.471 2000 1 751
111 7 9 1016 800 1 -1 "MODIFIED7" 1202 521 335.316 2000 1 881
111 7 10 1207 572 1 -1 "MODIFIED7" 1320 246 345.029 2000 1 1282
111 7 11 1315 816 1 -1 "MODIFIED7" 1197 519 319.583 2000 1 1381
111 7 12 1207 572 1 -1 "MODIFIED7" 1059 253 351.66 2000 1 1042
111 7 13 1058 827 1 -1 "MODIFIED7" 986 544 292.015 2000 1 1121
111 7 14 971 543 1 -1 "MODIFIED7" 754 354 287.767 2000 1 981
111 7 15 754 739 1 -1 "MODIFIED7" 1043 274 547.491 2000 1 1181
111 7 16 1052 789 1 -1 "MODIFIED7" 1291 444 419.698 2000 1 1221
111 7 17 1292 652 1 -1 "MODIFIED7" 1079 656 213.038 2000 1 1291
111 7 18 1081 440 1 -1 "MODIFIED7" 779 640 362.221 2000 1 901
111 7 19 762 448 1 -1 "MODIFIED7" 752 342 106.471 2000 1 841
111 7 20 758 721 1 -1 "MODIFIED7" 971 547 275.036 2000 1 875
111 7 21 966 516 1 -1 "MODIFIED7" 1220 714 322.056 2000 1 931
111 7 22 1220 385 1 -1 "MODIFIED7" 987 525 271.825 2000 1 911
111 7 23 979 539 1 -1 "MODIFIED7" 1199 313 315.398 2000 1 1041
111 7 24 1199 769 1 -1 "MODIFIED7" 908 243 601.13 2000 1 1191
111 7 25 910 820 1 -1 "MODIFIED7" 1117 458 417.005 2000 1 1001
111 7 26 1115 640 1 -1 "MODIFIED7" 980 724 159 2000 1 1482
111 7 27 997 360 1 -1 "MODIFIED7" 682 761 509.927 2000 1 891
111 7 28 669 320 1 -1 "MODIFIED7" 648 463 144.534 2000 1 1702
111 7 29 635 612 1 -1 "MODIFIED7" 910 609 275.016 2000 1 694
111 7 30 908 481 1 -1 "MODIFIED7" 1168 762 382.833 2000 1 1561
111 8 1 978 973 1 -1 "MODIFIED8" 761 314 693.808 2000 1 925
111 8 2 748 775 1 -1 "MODIFIED8" 659 597 199.01 2000 1 1381
111 8 3 665 499 1 -1 "MODIFIED8" 932 723 348.518 2000 1 1411
111 8 4 948 361 1 -1 "MODIFIED8" 777 466 200.664 2000 1 1381
111 8 5 792 623 1 -1 "MODIFIED8" 708 758 159 2000 1 1423
111 8 6 694 336 1 -1 "MODIFIED8" 1007 742 512.645 2000 1 1061
111 8 7 1005 356 1 -1 "MODIFIED8" 805 520 258.643 2000 1 1311
111 8 8 800 541 1 -1 "MODIFIED8" 773 819 279.308 2000 1 1211
111 8 9 788 273 1 -1 "MODIFIED8" 1031 666 462.058 2000 1 861
111 8 10 1048 407 1 -1 "MODIFIED8" 1319 583 323.136 2000 1 1022
111 8 11 1311 486 1 -1 "MODIFIED8" 1020 571 303.16 2000 1 1001
111 8 12 1026 492 1 -1 "MODIFIED8" 1129 292 224.964 2000 1 1251
111 8 13 1128 771 1 -1 "MODIFIED8" 833 343 519.816 2000 1 1464
111 8 14 822 739 1 -1 "MODIFIED8" 624 558 268.263 2000 1 1801
111 8 15 634 538 1 -1 "MODIFIED8" 845 762 307.729 2000 1 1313
111 8 16 861 318 1 -1 "MODIFIED8" 1129 667 440.028 2000 1 941
111 8 17 1144 403 1 -1 "MODIFIED8" 975 409 169.106 2000 1 721
111 8 18 993 671 1 -1 "MODIFIED8" 1269 351 422.583 2000 1 931
111 8 19 1263 716 1 -1 "MODIFIED8" 1288 651 69.6419 2000 1 1101
111 8 20 1294 442 1 -1 "MODIFIED8" 1219 358 112.61 2000 1 1171
111 8 21 1227 713 1 -1 "MODIFIED8" 1158 652 92.0978 2000 1 763
111 8 22 1156 440 1 -1 "MODIFIED8" 1128 354 90.4434 2000 1 1001
111 8 23 1134 735 1 -1 "MODIFIED8" 1296 602 209.602 2000 1 804
111 8 24 1278 483 1 -1 "MODIFIED8" 1114 363 203.214 2000 1 951
111 8 25 1121 706 1 -1 "MODIFIED8" 974 628 166.412 2000 1 961
111 8 26 972 433 1 -1 "MODIFIED8" 743 437 229.035 2000 1 481
111 8 27 758 636 1 -1 "MODIFIED8" 576 686 188.743 2000 1 922
111 8 28 574 380 1 -1 "MODIFIED8" 756 446 193.598 2000 1 881
111 8 29 752 615 1 -1 "MODIFIED8" 980 246 433.757 2000 1 1592
111 8 30 960 839 1 -1 "MODIFIED8" 721 398 501.599 2000 1 1591
111 9 1 956 977 1 -1 "MODIFIED9" 680 431 611.794 2000 1 1034
111 9 2 689 646 1 -1 "MODIFIED9" 693 730 84.0952 2000 1 1133
111 9 3 695 367 1 -1 "MODIFIED9" 566 459 158.446 2000 1 1093
111 9 4 569 603 1 -1 "MODIFIED9" 865 482 319.776 2000 1 1861
111 9 5 863 615 1 -1 "MODIFIED9" 667 257 408.142 2000 1 1191
111 9 6 665 813 1 -1 "MODIFIED9" 916 424 462.949 2000 1 865
111 9 7 922 668 1 -1 "MODIFIED9" 636 534 315.835 2000 1 652
111 9 8 641 552 1 -1 "MODIFIED9" 834 309 310.319 2000 1 812
111 9 9 841 763 1 -1 "MODIFIED9" 895 602 169.815 2000 1 741
111 9 10 877 478 1 -1 "MODIFIED9" 677 396 216.157 2000 1 1222
111 9 11 678 668 1 -1 "MODIFIED9" 773 681 95.8853 2000 1 962
111 9 12 774 415 1 -1 "MODIFIED9" 579 451 198.295 2000 1 1401
111 9 13 595 621 1 -1 "MODIFIED9" 868 371 370.174 2000 1 901
111 9 14 873 703 1 -1 "MODIFIED9" 1146 484 349.986 2000 1 612
111 9 15 1150 610 1 -1 "MODIFIED9" 1213 776 177.553 2000 1 891
111 9 16 1203 316 1 -1 "MODIFIED9" 1132 487 185.154 2000 1 1021
111 9 17 1130 600 1 -1 "MODIFIED9" 963 735 214.742 2000 1 1382
111 9 18 977 353 1 -1 "MODIFIED9" 1255 666 418.632 2000 1 1182
111 9 19 1251 431 1 -1 "MODIFIED9" 1068 431 183 2000 1 1091
111 9 20 1083 652 1 -1 "MODIFIED9" 1350 329 419.068 2000 1 1451
111 9 21 1362 757 1 -1 "MODIFIED9" 1203 590 230.586 2000 1 1072
111 9 22 1208 476 1 -1 "MODIFIED9" 908 645 344.327 2000 1 1422
111 9 23 912 452 1 -1 "MODIFIED9" 950 348 110.725 2000 1 1112
111 9 24 958 718 1 -1 "MODIFIED9" 779 594 217.754 2000 1 791
111 9 25 764 490 1 -1 "MODIFIED9" 690 308 196.469 2000 1 1192
111 9 26 695 758 1 -1 "MODIFIED9" 799 587 200.142 2000 1 732
111 9 27 780 497 1 -1 "MODIFIED9" 1033 775 375.89 2000 1 1331
111 9 28 1050 299 1 -1 "MODIFIED9" 1285 612 391.4 2000 1 691
111 9 29 1273 456 1 -1 "MODIFIED9" 1001 710 372.156 2000 1 834
111 9 30 996 376 1 -1 "MODIFIED9" 1069 417 83.7257 2000 1 741
111 10 1 996 972 1 -1 "MODIFIED10" 905 244 733.665 2000 1 1465
111 10 2 890 834 1 -1 "MODIFIED10" 606 261 639.519 2000 1 502
111 10 3 624 820 1 -1 "MODIFIED10" 878 388 501.139 2000 1 951
111 10 4 871 696 1 -1 "MODIFIED10" 747 658 129.692 2000 1 1091
111 10 5 737 438 1 -1 "MODIFIED10" 1037 580 331.91 2000 1 631
111 10 6 1038 489 1 -1 "MODIFIED10" 1333 624 324.423 2000 1 1281
111 10 7 1327 474 1 -1 "MODIFIED10" 1111 422 222.171 2000 1 552
111 10 8 1115 654 1 -1 "MODIFIED10" 861 256 472.144 2000 1 861
111 10 9 858 815 1 -1 "MODIFIED10" 1103 434 452.975 2000 1 581
111 10 10 1100 632 1 -1 "MODIFIED10" 1089 733 101.597 2000 1 981
111 10 11 1097 349 1 -1 "MODIFIED10" 1087 433 84.5931 2000 1 721
111 10 12 1077 646 1 -1 "MODIFIED10" 1341 274 456.158 2000 1 731
111 10 13 1341 792 1 -1 "MODIFIED10" 1055 364 514.762 2000 1 1291
111 10 14 1049 721 1 -1 "MODIFIED10" 1294 546 301.081 2000 1 801
111 10 15 1296 552 1 -1 "MODIFIED10" 1027 410 304.179 2000 1 772
111 10 16 1045 665 1 -1 "MODIFIED10" 1302 291 453.79 2000 1 952
111 10 17 1307 772 1 -1 "MODIFIED10" 1079 491 361.863 2000 1 592
111 10 18 1081 602 1 -1 "MODIFIED10" 1350 364 359.173 2000 1 713
111 10 19 1360 729 1 -1 "MODIFIED10" 1103 534 322.605 2000 1 902
111 10 20 1117 547 1 -1 "MODIFIED10" 806 495 315.317 2000 1 693
111 10 21 812 585 1 -1 "MODIFIED10" 798 795 210.466 2000 1 751
111 10 22 813 292 1 -1 "MODIFIED10" 1009 581 349.195 2000 1 921
111 10 23 999 489 1 -1 "MODIFIED10" 953 286 208.147 2000 1 1202
111 10 24 955 783 1 -1 "MODIFIED10" 665 371 503.829 2000 1 541
111 10 25 672 706 1 -1 "MODIFIED10" 923 525 309.454 2000 1 601
111 10 26 935 566 1 -1 "MODIFIED10" 764 270 341.844 2000 1 1161
111 10 27 782 805 1 -1 "MODIFIED10" 1064 275 600.353 2000 1 832
111 10 28 1059 820 1 -1 "MODIFIED10" 814 441 451.294 2000 1 1231
111 10 29 829 629 1 -1 "MODIFIED10" 1083 309 408.554 2000 1 1292
111 10 30 1088 754 1 -1 "MODIFIED10" 1208 582 209.724 2000 1 821
22 0 1 935 978 1 1 "normal" 926 838 140.289 2000 1 1092
22 0 2 930 842 1 1 "normal" 643 740 304.587 2000 1 815
22 0 3 655 727 1 1 "normal" 770 468 283.383 2000 1 611
22 0 4 796 455 1 1 "normal" 1064 527 277.503 2000 1 763
22 0 5 1045 526 1 1 "normal" 782 628 282.087 2000 1 1080
22 0 6 793 642 1 1 "normal" 699 339 317.246 2000 1 671
22 0 7 713 346 1 1 "normal" 961 486 284.788 2000 1 1090
22 0 8 946 494 1 1 "normal" 968 786 292.828 2000 1 905
22 0 9 966 771 1 1 "normal" 927 489 284.684 2000 1 895
22 0 10 943 487 1 1 "normal" 698 296 310.654 2000 1 662
22 0 11 679 268 1 1 "normal" 963 435 329.462 2000 1 848
22 0 12 947 438 1 1 "normal" 664 419 283.637 2000 1 662
22 0 13 676 417 1 1 "normal" 842 661 295.114 2000 1 1172
22 0 14 848 657 1 1 "normal" 1128 571 292.91 2000 1 896
22 0 15 1116 573 1 1 "normal" 1123 271 302.081 2000 1 1165
22 0 16 1105 271 1 1 "normal" 823 272 282.002 2000 1 776
22 0 17 840 281 1 1 "normal" 1105 375 281.178 2000 1 714
22 0 18 1099 377 1 1 "normal" 818 464 294.16 2000 1 788
22 0 19 823 481 1 1 "normal" 1099 568 289.387 2000 1 790
22 0 20 1109 555 1 1 "normal" 827 693 313.955 2000 1 1039
22 0 21 836 682 1 1 "normal" 1099 568 286.644 2000 1 503
22 0 22 1098 578 1 1 "normal" 893 349 307.353 2000 1 719
22 0 23 903 347 1 1 "normal" 1191 388 290.904 2000 1 453
22 0 24 1175 395 1 1 "normal" 1091 671 288.5 2000 1 787
22 0 25 1100 655 1 1 "normal" 1038 375 286.782 2000 1 536
22 0 26 1033 373 1 1 "normal" 779 526 296.522 2000 1 472
22 0 27 782 520 1 1 "normal" 1047 660 299.708 2000 1 763
22 0 28 1030 656 1 1 "normal" 1062 360 297.725 2000 1 615
22 0 29 1045 357 1 1 "normal" 1173 639 309.69 2000 1 613
22 0 30 1192 644 1 1 "normal" 1250 349 300.648 2000 1 636
22 1 1 966 963 1 -1 "MODIFIED1" 772 774 270.845 2000 0 2009
22 1 2 957 734 1 -1 "MODIFIED1" 840 482 277.836 2000 0 2009
22 1 3 910 508 1 -1 "MODIFIED1" 628 270 369.009 2000 0 2003
22 1 4 761 643 1 -1 "MODIFIED1" 596 568 181.246 2000 0 2008
22 1 5 837 956 1 -1 "MODIFIED1" 806 782 176.74 2000 1 1656
22 1 6 792 298 1 -1 "MODIFIED1" 897 496 224.118 2000 1 1826
22 1 7 897 569 1 -1 "MODIFIED1" 616 388 334.248 2000 1 1321
22 1 8 620 678 1 -1 "MODIFIED1" 871 548 282.668 2000 1 1307
22 1 9 864 545 1 -1 "MODIFIED1" 1170 526 306.589 2000 0 2009
22 1 10 1192 564 1 -1 "MODIFIED1" 1059 805 275.264 2000 1 1535
22 1 11 1078 277 1 -1 "MODIFIED1" 985 515 255.525 2000 1 1651
22 1 12 999 557 1 -1 "MODIFIED1" 896 801 264.849 2000 1 1014
22 1 13 886 293 1 -1 "MODIFIED1" 1027 531 276.632 2000 1 1479
22 1 14 1015 560 1 -1 "MODIFIED1" 756 402 303.389 2000 1 1224
22 1 15 755 673 1 -1 "MODIFIED1" 1051 349 438.853 2000 1 1605
22 1 16 1046 748 1 -1 "MODIFIED1" 1178 621 183.175 2000 1 932
22 1 17 1184 474 1 -1 "MODIFIED1" 1247 329 158.095 2000 1 1362
22 1 18 1228 751 1 -1 "MODIFIED1" 1143 610 164.639 2000 1 1222
22 1 19 1144 451 1 -1 "MODIFIED1" 930 399 220.227 2000 1 955
22 1 20 930 664 1 -1 "MODIFIED1" 1148 606 225.584 2000 1 858
22 1 21 1131 476 1 -1 "MODIFIED1" 949 831 398.935 2000 1 1288
22 1 22 951 267 1 -1 "MODIFIED1" 853 547 296.655 2000 0 2003
22 1 23 847 501 1 -1 "MODIFIED1" 596 392 273.646 2000 1 1122
22 1 24 582 689 1 -1 "MODIFIED1" 681 679 99.5038 2000 1 994
22 1 25 693 416 1 -1 "MODIFIED1" 792 400 100.285 2000 1 957
22 1 26 777 672 1 -1 "MODIFIED1" 1035 576 275.282 2000 1 855
22 1 27 1044 518 1 -1 "MODIFIED1" 748 488 297.516 2000 1 1127
22 1 28 758 579 1 -1 "MODIFIED1" 999 652 251.813 2000 1 982
22 1 29 982 430 1 -1 "MODIFIED1" 1277 539 314.493 2000 1 1038
22 1 30 1261 534 1 -1 "MODIFIED1" 1142 271 288.669 2000 1 1103
22 2 1 950 998 1 -1 "MODIFIED2" 1007 243 757.149 2000 1 1386
22 2 2 1004 825 1 -1 "MODIFIED2" 1291 340 563.555 2000 1 927
22 2 3 1289 722 1 -1 "MODIFIED2" 1001 265 540.179 2000 1 1054
22 2 4 986 819 1 -1 "MODIFIED2" 1282 370 537.789 2000 1 841
22 2 5 1268 716 1 -1 "MODIFIED2" 983 398 427.023 2000 1 1296
22 2 6 966 675 1 -1 "MODIFIED2" 876 678 90.05 2000 1 1574
22 2 7 863 392 1 -1 "MODIFIED2" 731 416 134.164 2000 1 702
22 2 8 721 649 1 -1 "MODIFIED2" 1030 389 403.833 2000 1 1337
22 2 9 1014 683 1 -1 "MODIFIED2" 1321 460 379.444 2000 1 786
22 2 10 1324 615 1 -1 "MODIFIED2" 1245 750 156.416 2000 1 1610
22 2 11 1234 315 1 -1 "MODIFIED2" 1307 457 159.665 2000 0 2001
22 2 12 1258 519 1 -1 "MODIFIED2" 1007 450 260.311 2000 1 1295
22 2 13 1021 617 1 -1 "MODIFIED2" 1068 743 134.48 2000 1 1537
22 2 14 1074 353 1 -1 "MODIFIED2" 1056 444 92.7631 2000 1 1445
22 2 15 1063 618 1 -1 "MODIFIED2" 995 737 137.058 2000 0 2004
22 2 16 992 367 1 -1 "MODIFIED2" 1032 440 83.2406 2000 1 1194
22 2 17 1037 624 1 -1 "MODIFIED2" 1325 506 311.236 2000 1 1705
22 2 18 1322 590 1 -1 "MODIFIED2" 1119 288 363.886 2000 1 1183
22 2 19 1118 774 1 -1 "MODIFIED2" 1320 511 331.622 2000 1 1413
22 2 20 1328 578 1 -1 "MODIFIED2" 1044 629 288.543 2000 1 1455
22 2 21 1052 458 1 -1 "MODIFIED2" 1240 402 196.163 2000 0 2000
22 2 22 1071 507 1 -1 "MODIFIED2" 1189 698 224.511 2000 0 2004
22 2 23 1071 507 1 -1 "MODIFIED2" 1150 400 133.004 2000 0 2000
22 2 24 1071 507 1 -1 "MODIFIED2" 905 574 179.011 2000 0 2009
22 2 25 1071 507 1 -1 "MODIFIED2" 1184 463 121.264 2000 0 2000
22 2 26 1203 658 1 -1 "MODIFIED2" 884 447 382.468 2000 1 1121
22 2 27 875 649 1 -1 "MODIFIED2" 1172 529 320.326 2000 1 839
22 2 28 1158 562 1 -1 "MODIFIED2" 1148 829 267.187 2000 1 1557
22 2 29 1152 267 1 -1 "MODIFIED2" 1053 544 294.16 2000 1 1077
22 2 30 1068 530 1 -1 "MODIFIED2" 775 431 309.273 2000 1 1772
22 3 1 969 978 1 -1 "MODIFIED3" 1119 285 709.048 2000 1 1486
22 3 2 1126 811 1 -1 "MODIFIED3" 1062 580 239.702 2000 1 709
22 3 3 1053 502 1 -1 "MODIFIED3" 1351 496 298.06 2000 1 553
22 3 4 1353 595 1 -1 "MODIFIED3" 1051 476 324.6 2000 1 482
22 3 5 1049 603 1 -1 "MODIFIED3" 753 446 335.06 2000 1 595
22 3 6 766 640 1 -1 "MODIFIED3" 927 690 168.585 2000 1 909
22 3 7 910 397 1 -1 "MODIFIED3" 1190 547 317.648 2000 1 1126
22 3 8 1208 529 1 -1 "MODIFIED3" 917 423 309.705 2000 1 1109
22 3 9 929 643 1 -1 "MODIFIED3" 1052 691 132.034 2000 1 1016
22 3 10 1066 396 1 -1 "MODIFIED3" 772 800 499.652 2000 1 1007
22 3 11 762 288 1 -1 "MODIFIED3" 1072 818 614.003 2000 1 855
22 3 12 1078 273 1 -1 "MODIFIED3" 1258 582 357.605 2000 1 1722
22 3 13 1274 493 1 -1 "MODIFIED3" 1056 805 380.615 2000 1 806
22 3 14 1049 282 1 -1 "MODIFIED3" 1279 604 395.707 2000 1 1376
22 3 15 1263 472 1 -1 "MODIFIED3" 1061 810 393.761 2000 1 1126
22 3 16 1074 262 1 -1 "MODIFIED3" 1217 553 324.238 2000 1 1251
22 3 17 1203 514 1 -1 "MODIFIED3" 1241 254 262.762 2000 1 1431
22 3 18 1224 818 1 -1 "MODIFIED3" 1159 543 282.577 2000 1 707
22 3 19 1148 545 1 -1 "MODIFIED3" 966 773 291.733 2000 1 708
22 3 20 974 292 1 -1 "MODIFIED3" 925 476 190.413 2000 1 1093
22 3 21 932 599 1 -1 "MODIFIED3" 696 283 394.401 2000 1 1330
22 3 22 713 796 1 -1 "MODIFIED3" 910 493 361.411 2000 1 1190
22 3 23 895 579 1 -1 "MODIFIED3" 1018 773 229.706 2000 1 1317
22 3 24 1029 299 1 -1 "MODIFIED3" 1101 484 198.517 2000 1 1169
22 3 25 1110 580 1 -1 "MODIFIED3" 1009 770 215.177 2000 1 1159
22 3 26 1003 297 1 -1 "MODIFIED3" 849 516 267.726 2000 1 1331
22 3 27 851 572 1 -1 "MODIFIED3" 620 710 269.082 2000 1 876
22 3 28 617 368 1 -1 "MODIFIED3" 920 709 456.169 2000 1 1084
22 3 29 934 380 1 -1 "MODIFIED3" 737 472 217.424 2000 1 1752
22 3 30 752 605 1 -1 "MODIFIED3" 744 772 167.192 2000 1 1136
22 4 1 964 995 1 -1 "MODIFIED4" 755 759 315.241 2000 1 1651
22 4 2 772 319 1 -1 "MODIFIED4" 935 519 258.01 2000 1 1233
22 4 3 930 578 1 -1 "MODIFIED4" 1232 476 318.76 2000 1 745
22 4 4 1246 592 1 -1 "MODIFIED4" 995 660 260.048 2000 1 1387
22 4 5 1008 408 1 -1 "MODIFIED4" 1252 815 474.537 2000 1 1236
22 4 6 1246 275 1 -1 "MODIFIED4" 1018 627 419.39 2000 1 1010
22 4 7 1007 439 1 -1 "MODIFIED4" 1270 464 264.186 2000 1 1084
22 4 8 1278 626 1 -1 "MODIFIED4" 1173 748 160.963 2000 1 1590
22 4 9 1188 329 1 -1 "MODIFIED4" 1328 491 214.112 2000 1 1179
22 4 10 1343 579 1 -1 "MODIFIED4" 1056 618 289.638 2000 1 767
22 4 11 1074 470 1 -1 "MODIFIED4" 1193 351 168.291 2000 1 1478
22 4 12 1185 717 1 -1 "MODIFIED4" 926 488 345.72 2000 1 1098
22 4 13 914 577 1 -1 "MODIFIED4" 640 395 328.938 2000 1 1483
22 4 14 630 672 1 -1 "MODIFIED4" 835 623 210.775 2000 1 1249
22 4 15 827 475 1 -1 "MODIFIED4" 813 324 151.648 2000 1 1437
22 4 16 831 758 1 -1 "MODIFIED4" 921 604 178.37 2000 1 1136
22 4 17 912 493 1 -1 "MODIFIED4" 704 397 229.085 2000 1 880
22 4 18 712 682 1 -1 "MODIFIED4" 776 688 64.2806 2000 1 1543
22 4 19 787 378 1 -1 "MODIFIED4" 580 461 223.02 2000 1 1328
22 4 20 584 629 1 -1 "MODIFIED4" 697 737 156.311 2000 1 1386
22 4 21 693 360 1 -1 "MODIFIED4" 939 559 316.413 2000 1 1242
22 4 22 943 502 1 -1 "MODIFIED4" 666 685 331.991 2000 1 1837
22 4 23 677 401 1 -1 "MODIFIED4" 758 400 81.0062 2000 0 2002
22 4 24 766 655 1 -1 "MODIFIED4" 1023 259 472.086 2000 1 1002
22 4 25 1014 806 1 -1 "MODIFIED4" 768 416 461.103 2000 1 1015
22 4 26 765 676 1 -1 "MODIFIED4" 1026 264 487.714 2000 1 1222
22 4 27 1015 801 1 -1 "MODIFIED4" 1307 371 519.773 2000 1 1046
22 4 28 1291 713 1 -1 "MODIFIED4" 1149 626 166.532 2000 1 1564
22 4 29 1145 449 1 -1 "MODIFIED4" 870 736 397.485 2000 0 2003
22 4 30 1091 504 1 -1 "MODIFIED4" 735 468 357.816 2000 0 2000
