Maze ID: 10
11616 Wed Nov  5 10:33:06 2025
Path succeeded? [1]
optimal path length:      47
number of moves:          81
Participant path length:  73
Planning Time:            2600
Time to first move:       2867
Solving Time:             36463
Total time:               39330
[1, 2, 3, 18, 19, 34, 49, 50, 35, 36, 35, 50, 49, 64, 63, 78, 93, 108, 109, 124, 125, 126, 111, 112, 127, 128, 113, 98, 99, 114, 129, 144, 145, 160, 159, 174, 173, 158, 173, 158, 173, 174, 159, 160, 145, 144, 129, 114, 99, 84, 69, 70, 71, 72, 87, 102, 117, 116, 131, 132, 147, 162, 177, 178, 193, 208, 207, 206, 221, 222, 223, 224, 225]
-------------------------------------------





Maze ID: 2
11616 Wed Nov  5 10:34:23 2025
Path succeeded? [1]
optimal path length:      35
number of moves:          37
Participant path length:  35
Planning Time:            66973
Time to first move:       67482
Solving Time:             8769
Total time:               76251
[1, 2, 3, 18, 19, 20, 21, 36, 35, 50, 65, 66, 67, 68, 69, 84, 99, 100, 115, 114, 129, 130, 131, 132, 117, 118, 133, 148, 149, 164, 165, 180, 195, 210, 225]
-------------------------------------------





Maze ID: 17
11616 Wed Nov  5 10:34:41 2025
Path succeeded? [1]
optimal path length:      35
number of moves:          63
Participant path length:  55
Planning Time:            1394
Time to first move:       1727
Solving Time:             15106
Total time:               16833
[1, 2, 1, 16, 31, 46, 61, 62, 63, 64, 79, 94, 109, 110, 111, 112, 113, 128, 129, 144, 159, 144, 145, 146, 147, 132, 133, 134, 133, 132, 147, 146, 145, 144, 143, 158, 143, 144, 159, 160, 175, 176, 191, 190, 205, 220, 221, 222, 207, 208, 209, 194, 195, 210, 225]
-------------------------------------------





Maze ID: 19
11616 Wed Nov  5 10:34:54 2025
Path succeeded? [1]
optimal path length:      45
number of moves:          47
Participant path length:  45
Planning Time:            1281
Time to first move:       1442
Solving Time:             11077
Total time:               12519
[1, 2, 3, 18, 33, 48, 47, 62, 77, 92, 93, 108, 109, 94, 95, 96, 81, 82, 97, 98, 113, 112, 127, 142, 141, 156, 171, 186, 201, 202, 203, 188, 189, 190, 205, 206, 221, 222, 207, 192, 193, 208, 209, 210, 225]
-------------------------------------------





Maze ID: 24
11616 Wed Nov  5 10:35:37 2025
Path succeeded? [1]
optimal path length:      49
number of moves:          135
Participant path length:  117
Planning Time:            3207
Time to first move:       3465
Solving Time:             38642
Total time:               42107
[1, 2, 17, 18, 17, 16, 31, 46, 61, 76, 91, 106, 121, 122, 123, 138, 139, 138, 153, 154, 169, 168, 183, 182, 197, 212, 197, 198, 213, 214, 199, 200, 201, 216, 217, 202, 217, 216, 201, 200, 199, 214, 213, 198, 197, 182, 167, 182, 183, 168, 169, 184, 169, 154, 153, 138, 123, 122, 107, 122, 121, 106, 91, 76, 61, 46, 31, 16, 17, 18, 19, 20, 21, 6, 7, 22, 23, 24, 25, 40, 41, 42, 41, 56, 57, 72, 71, 86, 101, 100, 99, 84, 69, 54, 53, 52, 67, 82, 97, 112, 127, 128, 113, 114, 129, 130, 145, 160, 161, 162, 177, 192, 193, 194, 209, 210, 225]
-------------------------------------------





