Maze ID: 1
116 Wed Nov  5 11:18:49 2025
Path succeeded? [1]
optimal path length:      49
number of moves:          71
Participant path length:  63
Planning Time:            349
Time to first move:       999
Solving Time:             12638
Total time:               13637
[1, 16, 31, 32, 33, 34, 35, 36, 37, 52, 53, 68, 69, 70, 71, 86, 101, 86, 71, 70, 55, 70, 69, 68, 83, 82, 97, 96, 81, 80, 95, 80, 79, 94, 109, 108, 123, 122, 137, 152, 167, 168, 183, 198, 213, 214, 215, 200, 201, 202, 187, 188, 189, 190, 191, 176, 177, 178, 193, 194, 209, 224, 225]
-------------------------------------------





Maze ID: 2
116 Wed Nov  5 11:19:02 2025
Path succeeded? [1]
optimal path length:      35
number of moves:          64
Participant path length:  59
Planning Time:            884
Time to first move:       1038
Solving Time:             12228
Total time:               13266
[1, 2, 3, 18, 19, 20, 21, 36, 35, 50, 65, 66, 67, 68, 69, 84, 99, 100, 115, 114, 129, 128, 143, 142, 157, 158, 173, 172, 187, 202, 217, 218, 217, 202, 187, 172, 173, 158, 157, 142, 127, 142, 143, 128, 129, 130, 131, 132, 117, 118, 133, 148, 149, 164, 165, 180, 195, 210, 225]
-------------------------------------------





